[805689, 251766, 993661, 489794, 735205, 739880, 934234, 600992, 585573, 162546, 449837, 564915, 578516, 605273, 533492, 918611, 77958, 590072, 699167, 66684, 374406, 556618]
[698600, 364558, 800604, 707788, 187592, 108018, 500005, 684495, 687946, 503772, 338445, 260997, 257065, 120130, 859229, 415443, 600332, 463508, 466036, 970706, 921114, 539455, 594043, 528549, 217213, 74420, 397273, 115062, 32066, 226519, 374908, 304370, 53974, 317371, 973445, 767575, 368501, 142882, 612965, 482026, 550493, 3755, 706808, 664726, 126974, 952155, 740552, 421158, 518155, 952298, 508897, 512802, 242317, 75709, 678055, 944272, -80467, 920678, 483334, 807078, -96620, 390045, 679267, 579703, 583518, 923595, 806941, 543250, 96619, -75725, 346821, 776218, 215778, 911944, 762694, 483876, 572195, 750565, 119060, 3114, 229835, 100393, 549785, 850447, 100089, 155289, 821437, 799720]
[110834, 646770, 950882, 106795, 600490, 453124, 916241, 297545, 320534, 763423, 897556, 876220, 931403, 953578, 567512, 930131, 284069, 634076, 772759, 17527, 611409, 464277, 574005, 690819, -15346, 410966, 172181, 537255, 659861, 258858, 17079, 751658, 394298, 878799, 582565, 847954, 986802, -69220, 355835, 95532, 721670, 150670, 553367, 203664, 478558, -47697, 277349, 219403, -59958, 394415, 864966, 394450, 393991, 245208, 437942, 116506, 453295, 247528, 524527, 312060, 712076, 392338, -29937, 743631, 156716, 64248, 526241, 216181, 576043, 478272, 624432, 480191, -40482, 672180, 931096, 382580, 626696, 919463, 28151, -9995, 578953, 639261, 640990, -85200, 862413, 371350, 596760, 633247, -74667, -8489, -45870, 642169, 241802, 645666, 376980, -69884, 145877, 945494, 302097]
[914155, 637294, 607407, 849887, 344404, 733176, 45793, 533850, -64009, 566524, 129033, 357661, 473117, 900708, 451618, 471767, 214929, 646708, 584272, 788545, 650242, 195077, 103688, 354126, 443220, 544061, 740800, 231999, 642795, 640362, 396366, 270025, 125701, 139355, 608897, -13368, 951577, 858661, 850371, -89346, 107264, 789040, 685327, 269807, 196718, 309445, 343242, 116914, 216146, -58775, 527390, 567373, 466045, 535655, 527995, 821011, 534956, 124994, 247608, 528148, 802745, 465298, 902565, 646975]
[-87060, 588290, 997579, 420892, -90767, -79619, 58892, 644824, 24544, 566282, 225475, 420946, -86061, 650367, 283143, 747203, 42821, 38485, 933334, 32694, 238139, 19382, 259177, 848133, 307944, 869638, 131423, 964932, 610088, 130795, 902444, 873097, 241834, 142904, 725598, 728756, -98464, 567058, 842219, 602637, 16222, 606531, -25096, -55338, 149294, 169415, 47117, 986999, 522693, 60464, -17077, 557303, 556120, 368395, 320712, 130652, 917367, 962182, -38407, 345432, 774045, 281342, 133421, 925347, -59536, 989395, 254227, 46673, 586865, 876964, 438477, 369909, 109653, 978371, 666910, 606482, 991613, 754733, 446024, 76524, 498575, 976882, 531654, 566333]
[185708, 584166, 266804, 364618, 788954, 477885, 835004, 586637, 421317, 244022, 26934, 819838, 369098, 29365, 735074, 952593, 761562, 253403, 444796, 780162, 536051, 884255, 624075, 479491, 224876, 516889, 636663, 505234, 93303, 667788, 175260, 708888, 146076, 335106, 844424, 577608, 679710, -59827, -96935, 391105, 314038, 843781, 379209, 133091, 444730, 812183]
[725936, 531462, 668710, 295545, 429115, 339498, 258425, 567491, 764166, 549700, 881261, 925276, 34770, 344292, 613008, 172539, 724914, -778, 92059, 918359, 987850, 58959, -62604, 792714, 132392, -5475, 907760, 910712, 65247, 942178, 802685, 31288, 100697, 384849, 694955, 97013, 555703, 661231, 480291, 896921, 635605, 609040, 894365, 747324, 749387, 759045, 55081, 334989, 307012, 613158, 652394, 995788, -98133, 269382, -56579, 193400, 36472, 19669, 956197]
[482673, 648605, 522981, 350884, 285550, 839496, 477874, 447697, 118179, 863979, 43932, 853182, 731316, 437520, 926471, 288702, 754909, 71980, 375947, 285302, -2751, 406266, 479798, 531351, 469947, 211376, 315766, 379782, 471548, 668292, 92123, 143189, 137611, 286500, 507550, 823726, 122497, 98550, 305435, 866365, 409267, 649658, 233619, 660072, 261165, 33997, 554551, 346754, 671558, 930057, -91951, -75250, 282870, 354005, 244202, 895043, -70715, 427505, 766667, 565102, 282883, 804483, 311969]
[692058, 920793, 791474, 604664, 889540, 72492, 183786, 256210, 847885, 110437, -27083, -75717, 361663, 492810, 903533, 241412, 37735, 757712, 76363, 450935, 775149, 258853, 983702, 973744, 525252, -90568, 155250]
[57106, 403353, 513043, 325222, 863001, 555556, 695561, 407546, 945830, 150930, 674747, 605827, 721325, 917245, 885798, 865280, 889472, 530029, 321776, 221106, -12803, 648265, -86066, 433940, -14386, 723167, 219937, 582807, 622127, 63955, 136317, 448247, 442316, -36391, 658336, 578484, 816419, 429038, 286078, 265623, 54500, 677633, 747850, -64205, 528061, -28710, 73857, 435452, 536014, 396012, 623371, -25948, 508938, 84594, 505303, 48917, 598341, 946981, 812713, 896600, 952772, 30944, 481313, 810064, 550304, -39793, 81418, 630018, 353332, 159305, 101370, 546946, 264452, 516400, 178428, 750069, 502971, 699581, 751659, 289028, 848641, 805719, 353682, 149580]
[636105, 579210, 917201, 752528, 415581, 546002, 361236, 322936, 786429, -97976, 105220, 467256, 608569, 202176, 603062, 728558, 110939, 630405, 164025, 892892, 152379, -11764, 118446, 320543, 981748, 57140, 39710, 763723, 327816, 274329, 892770, 810497, 913613, 839724, 424398, 250839, -71022, 439637, 31298, -96561, 40240, 723079, 724439, 925377, 835246, 705970, 865278, 818243]
[416178, 25370, 461328, 319278, -32326, 353326, 406566, 639581, 133636, 207680, 386412, 93381, 973903, 271481, 22309, -59770, 238494, 931271, 102070, 404502, 932518, 874531, 466102, 811329, 18956, 516498, 714054, 723188, 967155, 357471, 139151, 217036, 171357, 201645, 715119, 390941, -42850, -61384, 919494, 432168, 59893, 103167, -21202, 797610, 991644, 753748, 207774, 412376, 384324, 680674, 459954, -78905, 93680, 32387, 123896, 947346, 691589, 965306]
[278191, 635965, 40518, -50459, 115287, 354343, 678120, 467693, 951977, 412152, 100309, 403185, 851337, 250511, 867842, 898427, 329090, 747071, 756076, 905394, 440938, 429862, -27217, 318440, 411211, 433176, 324803, -57766, 909126, 350667, 729246, 569609, -58699, 585717, 316155, 265583, 754197, 236388, 82688, 469081, 300318, 66673, 34739, 897405]
[376508, 302862, 179111, 513678, 549991, 967696, 439286, 662562, 515639, 996227, 883037, 101735, 257548, 715225, 831679, 255262, 842575, 39867, 815736, 267030, -88738, 286591, 680055, 107830, -37520, 294658, -26655, 864964, 318548, 825183, -17097, 274720, 301744, 733669, 115598, 129062, 936110, 70580, 641463, 457863, 589365, 461660, 165269, 958437, 171947, 620441, 67799, 740601, 563794, 671772, -78589, 879450, 341780, 19322, 908059, 723359, 716087, 434762, 118759, 787659, 588816, 52424, 85254, 835863, 550752, 955956, 16047, 640850, 31086, 741936, -25116, 930936, -39919, -85880, 53192, 710768, 46709, 499355, 242134, 573418, 685627, 139292, 379384, 718388, 987441, 821868, 622432, 853850, 437168, 99529, 892922, 643728, -21713, 721805, 597799, 742651, 563345, 899556]
[142388, -55405, 991420, 250412, 605493, 573968, 404846, -85621, 167159, 59968, 839029, 414382, 521643, 664426, 556838, 146882, 367012, 95934, 340640, 476183, 616413, 525246, -50058, 704144, 131884, 274023, 300721, 239652, 287761, -51891, 368805, 67458, 260389, 667835, 979433, -79239, 678411, 210113, 339428, 641494, 175174, 551650, 336874, 428734, 507166, 103131, -86097, 549158, 301257, 28490, 572119, 53258, -12643, -46049, 716153, 220635, -72654, 935133, 898405, 132964, 520109, 412172, 149659, 892852, 208388, 614558, 915754, 354709, -3263, 85513, 204417, 69460, 702, 875194, 279386, 100082, 907556, 948669, 425836, 591252, 936987, 524840, 305684]
[672703, 61421, 322666, 91361, 529785, -1018, 588228, 700245, -67420, 164190, 200529, 894954, 402832, 473681, 696606, -39109, 572461, -92822, 274239, 513937, 150666, 974344, 795759, 220150, 489309, 485650, 816070, 270843, 985388, 47684, 82438, 617367, -70336, 218686, 564551, 403915, 220636, -10023, 380398, -19516, 118535, 833348, 323769, -62858, 398858, 612172, 790938, 116083, 137948, 608736, 629180, 738292]
[274040, 19, 260672, -89340, -97666, 239863, 232986, 747227, 645876, 209870, 639128, 35365, 457138, 246187, 546286, 695584, 873403, 916821, 358237, -59750, 128056, 237654, 402810, 638647, 468652, 884430, 274764, 905230, 670669, 425138, -43643, 930864, 663710, 224736, 157963, 113711, 588586, 399729, 93782, 478725, 562803, 265492, 259471, -2564, 536368, 698703, 902638, 802534, 435110, 808356, -12376, 736565, 986554, -56196, 66347, 757735, -40569, 218151, 392978, 846204, -82797, 284353, 890163, 118333, 224002, 874359, 467259, 210467, -31403, 451427, 394931, 205328, 395767, -68441, 176871, 986737, -83535, 875400, 934184, 684049, 472931]
[898189, 227106, 251212, 991707, -56346, 797584, -32615, 622171, 630237, 869766, 48294, 24258, 575719, 366998, 130768, 80349, 707344, 350024, 287736, 167882, 83036, 813662, 87001, 357163, 424637, 376630, 605496, 815483, 394100, 140974, 477558, 726535, 115867, 291126, 407583, 281229, 269966, 15573, 171877, 929096, 23139, 845792, 336971, 540106, 612641, 305463, 923609, 343288, 670668, 86845, 230012, 340265, 472430, 651147, 989169, 625056, 20793, 295505, 195515, 350250, 246791, 888726, 283061, 527034, -48079, 657005, 497805, 999864, 490537, -60060, 929770, 910635, 875882, 245671, 11854, 199167, 296246, 358096, 23989, 895465, 484130, 234917, 386407, 929132, 452812, 452930, 67867, 760589]
[602382, 304327, 730775, 569480, 587463, 812662, 517885, 307913, 623940, 453132, 894952, 438584, 552944, 170767, 612313, 594077, 296888, 400102, 618394, 544657, -36574, 102405, 467715, 490782, 387290, 267559, 376665, 839834, 992641, 264657, -85881, 840153, -483, 549935, 946071, 478618, 470258, 312662, 455201, 451822, 357699, 949087, -31408, 938271, -49218, 29035, -51461, 3453, 919185, 80187, 301311, 406631, 162560, 582115, -58503, 90265, 550289, 400339, 220320, -49355, 228145, 219150, 455141, 618928, 551660, 260153, 326648, 580935, 675900, -63002, 574816, 939359, 364399, 48373, 212909, -45150, 839073, 610031, 515504]
